Month,Planted,Felled,Net Planted
Jul-22,0,11,-11
Aug-22,0,11,-11
Sep-22,0,13,-13
Oct-22,0,8,-8
Nov-22,1,11,-10
Dec-22,46,18,28
Jan-23,1,3,-2
Feb-23,297,20,277
Mar-23,224,43,181
Apr-23,118,10,108
May-23,40,25,15
Jun-23,0,37,-37
Jul-23,0,23,-23
Aug-23,0,33,-33
Sep-23,0,27,-27
Oct-23,1,38,-37
Nov-23,0,29,-29
Dec-23,340,39,301
Jan-24,621,57,564
Feb-24,390,34,356
Mar-24,269,16,253
Apr-24,97,37,60
May-24,0,28,-28
Jun-24,0,19,-19
